# Blender 3.3.1
# www.blender.org
g Plane_Plane.006
v 0.019410 -0.018098 0.001511
v 0.014379 -0.018560 0.000687
v 0.009573 -0.019972 -0.000366
v 0.005176 -0.022281 -0.001606
v 0.001357 -0.025398 -0.002987
v -0.001736 -0.029203 -0.004455
v -0.003986 -0.033551 -0.005953
v -0.005305 -0.038273 -0.007425
v -0.005643 -0.043189 -0.008813
v -0.004987 -0.048109 -0.010064
v -0.003362 -0.052844 -0.011130
v -0.000830 -0.057214 -0.011971
v 0.002511 -0.061048 -0.012553
v 0.006532 -0.064201 -0.012855
v 0.011080 -0.066551 -0.012864
v 0.015979 -0.068008 -0.012582
v 0.021042 -0.068515 -0.012017
v 0.026073 -0.068054 -0.011193
v 0.030879 -0.066641 -0.010140
v 0.035276 -0.064332 -0.008900
v 0.039095 -0.061215 -0.007519
v 0.042188 -0.057410 -0.006051
v 0.044438 -0.053062 -0.004553
v 0.045757 -0.048340 -0.003082
v 0.046095 -0.043425 -0.001694
v 0.045438 -0.038504 -0.000442
v 0.043813 -0.033769 0.000624
v 0.041282 -0.029400 0.001464
v 0.037941 -0.025565 0.002047
v 0.033920 -0.022412 0.002349
v 0.029372 -0.020062 0.002358
v 0.024473 -0.018606 0.002075
v 0.012245 -0.022753 0.016057
v 0.017276 -0.022292 0.016882
v 0.007439 -0.024165 0.015005
v 0.003042 -0.026474 0.013764
v -0.000777 -0.029592 0.012384
v -0.003871 -0.033397 0.010916
v -0.006120 -0.037744 0.009418
v -0.007439 -0.042466 0.007946
v -0.007777 -0.047382 0.006558
v -0.007121 -0.052302 0.005307
v -0.005496 -0.057038 0.004241
v -0.002964 -0.061407 0.003400
v 0.000377 -0.065242 0.002818
v 0.004398 -0.068394 0.002516
v 0.008946 -0.070744 0.002506
v 0.013845 -0.072201 0.002789
v 0.018907 -0.072708 0.003353
v 0.023939 -0.072247 0.004178
v 0.028745 -0.070835 0.005230
v 0.033142 -0.068526 0.006471
v 0.036961 -0.065408 0.007851
v 0.040054 -0.061603 0.009319
v 0.042304 -0.057256 0.010817
v 0.043623 -0.052534 0.012289
v 0.043961 -0.047618 0.013677
v 0.043304 -0.042698 0.014928
v 0.041679 -0.037962 0.015994
v 0.039148 -0.033593 0.016835
v 0.035807 -0.029758 0.017417
v 0.031785 -0.026606 0.017719
v 0.027238 -0.024256 0.017729
v 0.022338 -0.022799 0.017446
v 0.016878 -0.018208 0.001129
v 0.011936 -0.019150 0.000186
v 0.007312 -0.021019 -0.000966
v 0.003184 -0.023746 -0.002282
v -0.000288 -0.027223 -0.003713
v -0.002973 -0.031319 -0.005204
v -0.004766 -0.035876 -0.006696
v -0.005598 -0.040718 -0.008132
v -0.005438 -0.045660 -0.009458
v -0.004292 -0.050511 -0.010623
v -0.002204 -0.055086 -0.011581
v 0.000747 -0.059207 -0.012296
v 0.004445 -0.062718 -0.012740
v 0.008751 -0.065483 -0.012896
v 0.013497 -0.067395 -0.012759
v 0.018502 -0.068382 -0.012333
v 0.023573 -0.068405 -0.011636
v 0.028516 -0.067464 -0.010693
v 0.033140 -0.065594 -0.009541
v 0.037267 -0.062868 -0.008224
v 0.040740 -0.059390 -0.006793
v 0.043424 -0.055294 -0.005303
v 0.045217 -0.050737 -0.003810
v 0.046050 -0.045895 -0.002374
v 0.045890 -0.040953 -0.001048
v 0.044744 -0.036102 0.000117
v 0.042655 -0.031528 0.001075
v 0.039705 -0.027406 0.001789
v 0.036006 -0.023895 0.002234
v 0.031701 -0.021131 0.002390
v 0.026955 -0.019218 0.002253
v 0.021950 -0.018231 0.001827
v 0.014744 -0.022402 0.016500
v 0.009802 -0.023343 0.015557
v 0.005178 -0.025213 0.014405
v 0.001050 -0.027939 0.013088
v -0.002422 -0.031417 0.011657
v -0.005107 -0.035513 0.010167
v -0.006900 -0.040070 0.008675
v -0.007732 -0.044912 0.007238
v -0.007572 -0.049853 0.005912
v -0.006426 -0.054705 0.004748
v -0.004338 -0.059279 0.003790
v -0.001388 -0.063401 0.003075
v 0.002311 -0.066911 0.002631
v 0.006617 -0.069676 0.002474
v 0.011363 -0.071589 0.002611
v 0.016368 -0.072575 0.003037
v 0.021439 -0.072598 0.003735
v 0.026382 -0.071657 0.004678
v 0.031006 -0.069787 0.005830
v 0.035133 -0.067061 0.007147
v 0.038606 -0.063583 0.008578
v 0.041290 -0.059487 0.010068
v 0.043083 -0.054931 0.011560
v 0.043916 -0.050088 0.012997
v 0.043756 -0.045147 0.014323
v 0.042610 -0.040295 0.015487
v 0.040521 -0.035721 0.016445
v 0.037571 -0.031599 0.017160
v 0.033872 -0.028089 0.017604
v 0.029567 -0.025324 0.017761
v 0.024820 -0.023411 0.017623
v 0.019816 -0.022425 0.017198
v 0.013312 -0.020656 0.008372
v 0.018343 -0.020195 0.009196
v 0.008506 -0.022069 0.007319
v 0.004109 -0.024378 0.006079
v 0.000290 -0.027495 0.004698
v -0.002803 -0.031300 0.003231
v -0.005053 -0.035647 0.001732
v -0.006372 -0.040370 0.000261
v -0.006710 -0.045285 -0.001127
v -0.006054 -0.050205 -0.002378
v -0.004429 -0.054941 -0.003445
v -0.001897 -0.059310 -0.004285
v 0.001444 -0.063145 -0.004868
v 0.005465 -0.066298 -0.005169
v 0.010013 -0.068648 -0.005179
v 0.014912 -0.070104 -0.004896
v 0.019975 -0.070612 -0.004332
v 0.025006 -0.070150 -0.003507
v 0.029812 -0.068738 -0.002455
v 0.034209 -0.066429 -0.001214
v 0.038028 -0.063312 0.000166
v 0.041121 -0.059506 0.001634
v 0.043371 -0.055159 0.003132
v 0.044690 -0.050437 0.004604
v 0.045028 -0.045521 0.005992
v 0.044371 -0.040601 0.007243
v 0.042746 -0.035866 0.008309
v 0.040215 -0.031496 0.009150
v 0.036874 -0.027662 0.009732
v 0.032853 -0.024509 0.010034
v 0.028305 -0.022159 0.010043
v 0.023406 -0.020702 0.009761
v 0.020226 -0.043307 -0.005253
v 0.018092 -0.047500 0.010117
v 0.015811 -0.020305 0.008815
v 0.010869 -0.021246 0.007872
v 0.006245 -0.023116 0.006720
v 0.002117 -0.025842 0.005403
v -0.001355 -0.029320 0.003972
v -0.004040 -0.033416 0.002482
v -0.005833 -0.037973 0.000990
v -0.006665 -0.042815 -0.000447
v -0.006505 -0.047757 -0.001773
v -0.005359 -0.052608 -0.002937
v -0.003271 -0.057182 -0.003895
v -0.000320 -0.061304 -0.004610
v 0.003378 -0.064815 -0.005055
v 0.007684 -0.067579 -0.005211
v 0.012430 -0.069492 -0.005074
v 0.017435 -0.070479 -0.004648
v 0.022506 -0.070502 -0.003950
v 0.027449 -0.069560 -0.003007
v 0.032073 -0.067691 -0.001855
v 0.036200 -0.064964 -0.000538
v 0.039673 -0.061486 0.000893
v 0.042357 -0.057390 0.002383
v 0.044150 -0.052834 0.003875
v 0.044983 -0.047992 0.005311
v 0.044823 -0.043050 0.006637
v 0.043677 -0.038199 0.007802
v 0.041588 -0.033624 0.008760
v 0.038638 -0.029503 0.009475
v 0.034939 -0.025992 0.009919
v 0.030634 -0.023227 0.010075
v 0.025888 -0.021315 0.009938
v 0.020883 -0.020328 0.009513
s 1
f 2 65 161 66
f 1 96 161 65
f 32 95 161 96
f 31 94 161 95
f 30 93 161 94
f 29 92 161 93
f 28 91 161 92
f 27 90 161 91
f 26 89 161 90
f 25 88 161 89
f 24 87 161 88
f 23 86 161 87
f 22 85 161 86
f 21 84 161 85
f 20 83 161 84
f 19 82 161 83
f 18 81 161 82
f 17 80 161 81
f 16 79 161 80
f 15 78 161 79
f 14 77 161 78
f 13 76 161 77
f 12 75 161 76
f 11 74 161 75
f 10 73 161 74
f 9 72 161 73
f 8 71 161 72
f 7 70 161 71
f 6 69 161 70
f 5 68 161 69
f 4 67 161 68
f 3 66 161 67
f 33 98 162 97
f 35 99 162 98
f 36 100 162 99
f 37 101 162 100
f 38 102 162 101
f 39 103 162 102
f 40 104 162 103
f 41 105 162 104
f 42 106 162 105
f 43 107 162 106
f 44 108 162 107
f 45 109 162 108
f 46 110 162 109
f 47 111 162 110
f 48 112 162 111
f 49 113 162 112
f 50 114 162 113
f 51 115 162 114
f 52 116 162 115
f 53 117 162 116
f 54 118 162 117
f 55 119 162 118
f 56 120 162 119
f 57 121 162 120
f 58 122 162 121
f 59 123 162 122
f 60 124 162 123
f 61 125 162 124
f 62 126 162 125
f 63 127 162 126
f 64 128 162 127
f 34 97 162 128
f 1 65 163 130
f 65 2 129 163
f 163 129 33 97
f 130 163 97 34
f 2 66 164 129
f 66 3 131 164
f 164 131 35 98
f 129 164 98 33
f 3 67 165 131
f 67 4 132 165
f 165 132 36 99
f 131 165 99 35
f 4 68 166 132
f 68 5 133 166
f 166 133 37 100
f 132 166 100 36
f 5 69 167 133
f 69 6 134 167
f 167 134 38 101
f 133 167 101 37
f 6 70 168 134
f 70 7 135 168
f 168 135 39 102
f 134 168 102 38
f 7 71 169 135
f 71 8 136 169
f 169 136 40 103
f 135 169 103 39
f 8 72 170 136
f 72 9 137 170
f 170 137 41 104
f 136 170 104 40
f 9 73 171 137
f 73 10 138 171
f 171 138 42 105
f 137 171 105 41
f 10 74 172 138
f 74 11 139 172
f 172 139 43 106
f 138 172 106 42
f 11 75 173 139
f 75 12 140 173
f 173 140 44 107
f 139 173 107 43
f 12 76 174 140
f 76 13 141 174
f 174 141 45 108
f 140 174 108 44
f 13 77 175 141
f 77 14 142 175
f 175 142 46 109
f 141 175 109 45
f 14 78 176 142
f 78 15 143 176
f 176 143 47 110
f 142 176 110 46
f 15 79 177 143
f 79 16 144 177
f 177 144 48 111
f 143 177 111 47
f 16 80 178 144
f 80 17 145 178
f 178 145 49 112
f 144 178 112 48
f 17 81 179 145
f 81 18 146 179
f 179 146 50 113
f 145 179 113 49
f 18 82 180 146
f 82 19 147 180
f 180 147 51 114
f 146 180 114 50
f 19 83 181 147
f 83 20 148 181
f 181 148 52 115
f 147 181 115 51
f 20 84 182 148
f 84 21 149 182
f 182 149 53 116
f 148 182 116 52
f 21 85 183 149
f 85 22 150 183
f 183 150 54 117
f 149 183 117 53
f 22 86 184 150
f 86 23 151 184
f 184 151 55 118
f 150 184 118 54
f 23 87 185 151
f 87 24 152 185
f 185 152 56 119
f 151 185 119 55
f 24 88 186 152
f 88 25 153 186
f 186 153 57 120
f 152 186 120 56
f 25 89 187 153
f 89 26 154 187
f 187 154 58 121
f 153 187 121 57
f 26 90 188 154
f 90 27 155 188
f 188 155 59 122
f 154 188 122 58
f 27 91 189 155
f 91 28 156 189
f 189 156 60 123
f 155 189 123 59
f 28 92 190 156
f 92 29 157 190
f 190 157 61 124
f 156 190 124 60
f 29 93 191 157
f 93 30 158 191
f 191 158 62 125
f 157 191 125 61
f 30 94 192 158
f 94 31 159 192
f 192 159 63 126
f 158 192 126 62
f 31 95 193 159
f 95 32 160 193
f 193 160 64 127
f 159 193 127 63
f 32 96 194 160
f 96 1 130 194
f 194 130 34 128
f 160 194 128 64
g Plane.002_Plane.007
v 0.025495 0.025569 -0.016178
v 0.034357 0.015618 -0.012785
v -0.041658 -0.029129 0.001549
v 0.025373 0.030659 -0.000931
v 0.034236 0.020709 0.002461
v -0.041780 -0.024039 0.016796
v -0.032917 -0.033989 0.020189
v -0.032796 -0.039080 0.004942
s 1
f 196 195 198 199
f 202 197 195 196
f 195 197 200 198
f 201 199 198 200
f 197 202 201 200
f 202 196 199 201
g Plane.003_Plane.008
v -0.083534 0.076737 -0.026084
v 0.060600 0.062855 -0.019409
v -0.018887 0.000573 0.000142
v -0.083760 0.081985 -0.010288
v 0.060374 0.068103 -0.003613
v -0.019114 0.005820 0.015938
s 1
f 204 203 206 207
f 205 203 204
f 203 205 208 206
f 208 207 206
f 205 204 207 208
